image: office_asym.png
resolution: 0.050000
origin: [-3.156736, -7.284326,0.0]
#origin: [-4.0,-13.0 ,0.0]
negate: 0
occupied_thresh: 0.65
free_thresh: 0.196

