image: officeMap.png
resolution: 0.050000
origin: [-8.282972, -1.685859, -0.0]
negate: 0
occupied_thresh: 0.65
free_thresh: 0.196

