image: 20170828officeMap_asym.pgm
resolution: 0.050000
origin: [-3.086450, -8.491372, -nan]
negate: 0
occupied_thresh: 0.65
free_thresh: 0.196

